---
p/syndev/running: 2
p/syndev/wait: 2016-04-14 11:44:06.451155808 +01:00
p/syndev/subids: '["3683009","3683010"]'
p/syndev/latest: 2016-04-14 13:24:35.850776199 +01:00
s/3683009/ip: 45.32.178.116
s/3683010/ip: 108.61.174.201
