---
p/syndev/running: 2
p/syndev/wait: 2016-04-16 15:01:03.956663049 +01:00
p/syndev/latest: 2016-04-16 15:02:04.240202573 +01:00
p/syndev/subids: '["3695965","3695966"]'
s/3695965/ip: 104.238.174.34
s/3695966/ip: 45.32.182.25
p/syndev/deployed: 2016-04-16 15:04:30.189760852 +01:00
