---
p/syndev/running: 2
p/syndev/wait: 2016-04-14 16:33:39.323824857 +01:00
p/syndev/subids: '["3684490","3684491"]'
p/syndev/latest: 2016-04-14 16:34:35.680604114 +01:00
s/3684490/ip: 108.61.172.117
s/3684491/ip: 45.32.180.80
p/syndev/deployed: 2016-04-14 16:34:37.226590459 +01:00
